115920,thomas,lenzen,3,1951,0.99,513193.58
150331,fritz,gundlach,3,1946,0.92,318080.11
111111,iuiyiyui,cheng,3,9090,0.5,9.089089089E9
826312,leah,stobbe,1,1962,0.26,283098.25
364663,milan,wendt,2,1954,0.18,845689.27
442703,kenneth,hock,1,1935,0.39,58.71,40.0,56.0
869793,canan,brack,3,1965,0.67,547892.37
554363,orhan,finger,2,1929,0.07,891352.34
917683,amir,kowalski,1,1970,0.96,484323.97
231423,yhrftd,tdytdy,3,6745,0.33,764576.0
428584,bertram,hauptmann,2,1942,0.33,756821.58
418264,meike,max,2,1956,0.36,142.25,36.0,42.0
564564,thdfthd,hdghdf,3,5645,0.38,56456.0,456456.0,456456.0
765735,gfh,gfhgfhfhdfgh,3,4564,0.38,7645645.0
777896,alina,eckl,2,1931,0.97,273.42,31.0,52.0
894646,ray,fuhrmann,2,1963,0.33,189.27,28.0,52.0
213127,mareike,grossmann,1,1945,0.98,23.37,30.0,36.0
657537,hjfh,fthfthfth,2,5646,0.5,564565.0,6456.0,4564564.0
518297,dorothee,asmann,2,1967,0.52,329.57,25.0,56.0
145007,janine,mohr,1,1964,0.17,125.98,26.0,51.0
252038,lydia,buchmann,3,1937,0.67,141886.53
725598,maren,kocak,2,1964,0.44,378.59,25.0,51.0
256118,katha,patrick,2,1925,0.47,156.51,30.0,40.0
281038,gerda,kurt,1,1967,0.51,222.51,38.0,56.0
566209,martina,eichhorn,2,1930,0.31,943672.05
